Fe=8000;
fo=800;
f1=900;

u1(